['<s>', 'The', 'young', 'boys', 'are', 'playing', 'outdoors', 'and', 'the', 'man', 'is', 'smiling', 'nearby', '</s>'] 
 ['<s>', 'There', 'is', 'no', 'boy', 'playing', 'outdoors', 'and', 'there', 'is', 'no', 'man', 'smiling', '</s>']
tensor([[ 1,  2,  3,  4,  5,  6,  7,  8,  9, 10, 11, 12, 13, 14, 14, 14, 14, 14,
         14, 14, 14],
        [ 1,  2,  3,  4,  5,  6,  7,  8,  9, 10, 11, 12, 13, 14, 14, 14, 14, 14,
         14, 14, 14],
        [ 1,  2,  3,  4,  5,  6,  7,  8,  9, 10, 10, 10, 10, 10, 10, 10, 10, 10,
         10, 10, 10],
        [ 1,  2,  3,  4,  5,  6,  7,  8,  8,  8,  8,  8,  8,  8,  8,  8,  8,  8,
          8,  8,  8],
        [ 1,  2,  3,  4,  5,  6,  7,  8,  9, 10, 11, 12, 12, 12, 12, 12, 12, 12,
         12, 12, 12],
        [ 1,  2,  3,  4,  5,  6,  7,  8,  9, 10, 11, 12, 13, 14, 14, 14, 14, 14,
         14, 14, 14],
        [ 1,  2,  3,  4,  5,  6,  7,  8,  9, 10, 11, 12, 13, 14, 15, 16, 16, 16,
         16, 16, 16],
        [ 1,  2,  3,  4,  5,  6,  7,  8,  9,  9,  9,  9,  9,  9,  9,  9,  9,  9,
          9,  9,  9],
        [ 1,  2,  3,  4,  5,  6,  7,  8,  8,  8,  8,  8,  8,  8,  8,  8,  8,  8,
          8,  8,  8],
        [ 1,  2,  3,  4,  5,  6,  7,  8,  9,  9,  9,  9,  9,  9,  9,  9,  9,  9,
          9,  9,  9],
        [ 1,  2,  3,  4,  5,  6,  7,  8,  9, 10, 11, 12, 13, 13, 13, 13, 13, 13,
         13, 13, 13],
        [ 1,  2,  3,  4,  5,  6,  7,  8,  8,  8,  8,  8,  8,  8,  8,  8,  8,  8,
          8,  8,  8],
        [ 1,  2,  3,  4,  5,  6,  7,  8,  9, 10, 11, 11, 11, 11, 11, 11, 11, 11,
         11, 11, 11],
        [ 1,  2,  3,  4,  5,  6,  7,  8,  9, 10, 11, 12, 13, 14, 15, 16, 16, 16,
         16, 16, 16],
        [ 1,  2,  3,  4,  5,  6,  7,  8,  9,  9,  9,  9,  9,  9,  9,  9,  9,  9,
          9,  9,  9],
        [ 1,  2,  3,  4,  5,  6,  7,  8,  9,  9,  9,  9,  9,  9,  9,  9,  9,  9,
          9,  9,  9],
        [ 1,  2,  3,  4,  5,  6,  7,  8,  9, 10, 10, 10, 10, 10, 10, 10, 10, 10,
         10, 10, 10],
        [ 1,  2,  3,  4,  5,  6,  7,  8,  9, 10, 11, 12, 13, 14, 15, 16, 17, 18,
         19, 20, 21],
        [ 1,  2,  3,  4,  5,  6,  7,  8,  9, 10, 11, 12, 13, 13, 13, 13, 13, 13,
         13, 13, 13],
        [ 1,  2,  3,  4,  5,  6,  7,  8,  9, 10, 11, 12, 13, 14, 15, 15, 15, 15,
         15, 15, 15],
        [ 1,  2,  3,  4,  5,  6,  7,  8,  9, 10, 11, 12, 13, 14, 14, 14, 14, 14,
         14, 14, 14],
        [ 1,  2,  3,  4,  5,  6,  7,  8,  9, 10, 11, 11, 11, 11, 11, 11, 11, 11,
         11, 11, 11],
        [ 1,  2,  3,  4,  5,  6,  7,  8,  9, 10, 11, 12, 13, 14, 15, 15, 15, 15,
         15, 15, 15],
        [ 1,  2,  3,  4,  5,  6,  7,  8,  9, 10, 10, 10, 10, 10, 10, 10, 10, 10,
         10, 10, 10],
        [ 1,  2,  3,  4,  5,  6,  7,  8,  9, 10, 11, 12, 13, 14, 15, 16, 17, 17,
         17, 17, 17]], device='cuda:0') tensor([[ 1,  2,  3,  4,  5,  6,  7,  8,  9, 10, 11, 12, 13, 14, 14, 14, 14, 14,
         14, 14, 14],
        [ 1,  2,  3,  4,  5,  6,  7,  8,  9, 10, 11, 12, 12, 12, 12, 12, 12, 12,
         12, 12, 12],
        [ 1,  2,  3,  4,  5,  6,  7,  8,  9, 10, 10, 10, 10, 10, 10, 10, 10, 10,
         10, 10, 10],
        [ 1,  2,  3,  4,  5,  6,  7,  8,  9, 10, 10, 10, 10, 10, 10, 10, 10, 10,
         10, 10, 10],
        [ 1,  2,  3,  4,  5,  6,  7,  8,  9, 10, 10, 10, 10, 10, 10, 10, 10, 10,
         10, 10, 10],
        [ 1,  2,  3,  4,  5,  6,  7,  8,  9, 10, 11, 12, 13, 13, 13, 13, 13, 13,
         13, 13, 13],
        [ 1,  2,  3,  4,  5,  6,  7,  8,  9, 10, 11, 12, 13, 14, 14, 14, 14, 14,
         14, 14, 14],
        [ 1,  2,  3,  4,  5,  6,  7,  8,  9,  9,  9,  9,  9,  9,  9,  9,  9,  9,
          9,  9,  9],
        [ 1,  2,  3,  4,  5,  6,  7,  8,  9, 10, 11, 11, 11, 11, 11, 11, 11, 11,
         11, 11, 11],
        [ 1,  2,  3,  4,  5,  6,  7,  8,  8,  8,  8,  8,  8,  8,  8,  8,  8,  8,
          8,  8,  8],
        [ 1,  2,  3,  4,  5,  6,  7,  8,  8,  8,  8,  8,  8,  8,  8,  8,  8,  8,
          8,  8,  8],
        [ 1,  2,  3,  4,  5,  6,  7,  8,  9, 10, 11, 12, 13, 13, 13, 13, 13, 13,
         13, 13, 13],
        [ 1,  2,  3,  4,  5,  6,  7,  8,  9, 10, 11, 12, 12, 12, 12, 12, 12, 12,
         12, 12, 12],
        [ 1,  2,  3,  4,  5,  6,  7,  8,  9, 10, 11, 12, 13, 13, 13, 13, 13, 13,
         13, 13, 13],
        [ 1,  2,  3,  4,  5,  6,  7,  8,  9, 10, 10, 10, 10, 10, 10, 10, 10, 10,
         10, 10, 10],
        [ 1,  2,  3,  4,  5,  6,  7,  8,  9, 10, 11, 12, 13, 14, 14, 14, 14, 14,
         14, 14, 14],
        [ 1,  2,  3,  4,  5,  6,  7,  8,  9, 10, 10, 10, 10, 10, 10, 10, 10, 10,
         10, 10, 10],
        [ 1,  2,  3,  4,  5,  6,  7,  8,  9, 10, 10, 10, 10, 10, 10, 10, 10, 10,
         10, 10, 10],
        [ 1,  2,  3,  4,  5,  6,  7,  8,  9, 10, 11, 12, 13, 13, 13, 13, 13, 13,
         13, 13, 13],
        [ 1,  2,  3,  4,  5,  6,  7,  8,  9, 10, 11, 12, 12, 12, 12, 12, 12, 12,
         12, 12, 12],
        [ 1,  2,  3,  4,  5,  6,  7,  8,  9, 10, 11, 12, 13, 14, 15, 16, 16, 16,
         16, 16, 16],
        [ 1,  2,  3,  4,  5,  6,  7,  8,  9, 10, 11, 11, 11, 11, 11, 11, 11, 11,
         11, 11, 11],
        [ 1,  2,  3,  4,  5,  6,  7,  8,  9, 10, 11, 12, 13, 14, 14, 14, 14, 14,
         14, 14, 14],
        [ 1,  2,  3,  4,  5,  6,  7,  8,  9, 10, 10, 10, 10, 10, 10, 10, 10, 10,
         10, 10, 10],
        [ 1,  2,  3,  4,  5,  6,  7,  8,  9, 10, 11, 12, 13, 14, 15, 16, 17, 18,
         19, 20, 21]], device='cuda:0')
tensor([[0.0497, 0.0629, 0.0687, 0.0744, 0.0820, 0.0799, 0.0812, 0.0794, 0.0742,
         0.0732, 0.0731, 0.0732, 0.0742, 0.0541, 0.0000, 0.0000, 0.0000, 0.0000,
         0.0000, 0.0000, 0.0000],
        [0.0469, 0.0621, 0.0685, 0.0752, 0.0826, 0.0811, 0.0822, 0.0800, 0.0744,
         0.0733, 0.0735, 0.0737, 0.0750, 0.0517, 0.0000, 0.0000, 0.0000, 0.0000,
         0.0000, 0.0000, 0.0000],
        [0.0463, 0.0620, 0.0684, 0.0755, 0.0829, 0.0816, 0.0825, 0.0802, 0.0743,
         0.0730, 0.0735, 0.0736, 0.0751, 0.0512, 0.0000, 0.0000, 0.0000, 0.0000,
         0.0000, 0.0000, 0.0000],
        [0.0447, 0.0611, 0.0679, 0.0756, 0.0834, 0.0819, 0.0833, 0.0809, 0.0749,
         0.0735, 0.0741, 0.0736, 0.0752, 0.0499, 0.0000, 0.0000, 0.0000, 0.0000,
         0.0000, 0.0000, 0.0000],
        [0.0449, 0.0611, 0.0679, 0.0759, 0.0835, 0.0820, 0.0830, 0.0807, 0.0748,
         0.0734, 0.0742, 0.0733, 0.0748, 0.0506, 0.0000, 0.0000, 0.0000, 0.0000,
         0.0000, 0.0000, 0.0000],
        [0.0451, 0.0612, 0.0690, 0.0758, 0.0833, 0.0812, 0.0832, 0.0803, 0.0744,
         0.0738, 0.0734, 0.0737, 0.0748, 0.0508, 0.0000, 0.0000, 0.0000, 0.0000,
         0.0000, 0.0000, 0.0000],
        [0.0452, 0.0613, 0.0686, 0.0761, 0.0838, 0.0811, 0.0827, 0.0800, 0.0741,
         0.0733, 0.0737, 0.0737, 0.0749, 0.0514, 0.0000, 0.0000, 0.0000, 0.0000,
         0.0000, 0.0000, 0.0000],
        [0.0448, 0.0606, 0.0683, 0.0757, 0.0843, 0.0820, 0.0838, 0.0802, 0.0739,
         0.0735, 0.0736, 0.0739, 0.0744, 0.0512, 0.0000, 0.0000, 0.0000, 0.0000,
         0.0000, 0.0000, 0.0000],
        [0.0461, 0.0611, 0.0684, 0.0756, 0.0837, 0.0812, 0.0833, 0.0798, 0.0739,
         0.0734, 0.0736, 0.0736, 0.0742, 0.0521, 0.0000, 0.0000, 0.0000, 0.0000,
         0.0000, 0.0000, 0.0000],
        [0.0473, 0.0618, 0.0684, 0.0755, 0.0833, 0.0808, 0.0827, 0.0795, 0.0739,
         0.0730, 0.0735, 0.0735, 0.0741, 0.0527, 0.0000, 0.0000, 0.0000, 0.0000,
         0.0000, 0.0000, 0.0000],
        [0.0472, 0.0617, 0.0681, 0.0754, 0.0832, 0.0807, 0.0828, 0.0797, 0.0743,
         0.0734, 0.0739, 0.0733, 0.0739, 0.0523, 0.0000, 0.0000, 0.0000, 0.0000,
         0.0000, 0.0000, 0.0000],
        [0.0489, 0.0630, 0.0687, 0.0758, 0.0829, 0.0807, 0.0817, 0.0786, 0.0739,
         0.0726, 0.0734, 0.0727, 0.0733, 0.0538, 0.0000, 0.0000, 0.0000, 0.0000,
         0.0000, 0.0000, 0.0000],
        [0.0504, 0.0636, 0.0692, 0.0753, 0.0818, 0.0800, 0.0806, 0.0783, 0.0738,
         0.0729, 0.0732, 0.0726, 0.0733, 0.0551, 0.0000, 0.0000, 0.0000, 0.0000,
         0.0000, 0.0000, 0.0000],
        [0.0507, 0.0634, 0.0688, 0.0748, 0.0825, 0.0803, 0.0808, 0.0783, 0.0740,
         0.0729, 0.0730, 0.0724, 0.0724, 0.0556, 0.0000, 0.0000, 0.0000, 0.0000,
         0.0000, 0.0000, 0.0000],
        [0.0511, 0.0637, 0.0693, 0.0749, 0.0819, 0.0803, 0.0806, 0.0780, 0.0735,
         0.0725, 0.0726, 0.0728, 0.0732, 0.0556, 0.0000, 0.0000, 0.0000, 0.0000,
         0.0000, 0.0000, 0.0000],
        [0.0511, 0.0637, 0.0693, 0.0749, 0.0819, 0.0803, 0.0806, 0.0780, 0.0735,
         0.0725, 0.0726, 0.0728, 0.0732, 0.0556, 0.0000, 0.0000, 0.0000, 0.0000,
         0.0000, 0.0000, 0.0000],
        [0.0511, 0.0637, 0.0693, 0.0749, 0.0819, 0.0803, 0.0806, 0.0780, 0.0735,
         0.0725, 0.0726, 0.0728, 0.0732, 0.0556, 0.0000, 0.0000, 0.0000, 0.0000,
         0.0000, 0.0000, 0.0000],
        [0.0511, 0.0637, 0.0693, 0.0749, 0.0819, 0.0803, 0.0806, 0.0780, 0.0735,
         0.0725, 0.0726, 0.0728, 0.0732, 0.0556, 0.0000, 0.0000, 0.0000, 0.0000,
         0.0000, 0.0000, 0.0000],
        [0.0511, 0.0637, 0.0693, 0.0749, 0.0819, 0.0803, 0.0806, 0.0780, 0.0735,
         0.0725, 0.0726, 0.0728, 0.0732, 0.0556, 0.0000, 0.0000, 0.0000, 0.0000,
         0.0000, 0.0000, 0.0000],
        [0.0511, 0.0637, 0.0693, 0.0749, 0.0819, 0.0803, 0.0806, 0.0780, 0.0735,
         0.0725, 0.0726, 0.0728, 0.0732, 0.0556, 0.0000, 0.0000, 0.0000, 0.0000,
         0.0000, 0.0000, 0.0000],
        [0.0511, 0.0637, 0.0693, 0.0749, 0.0819, 0.0803, 0.0806, 0.0780, 0.0735,
         0.0725, 0.0726, 0.0728, 0.0732, 0.0556, 0.0000, 0.0000, 0.0000, 0.0000,
         0.0000, 0.0000, 0.0000]], device='cuda:0', grad_fn=<SelectBackward>) torch.Size([200, 21, 21])
tensor([[0.0497, 0.0630, 0.0715, 0.0762, 0.0787, 0.0800, 0.0813, 0.0795, 0.0738,
         0.0743, 0.0727, 0.0747, 0.0702, 0.0542, 0.0000, 0.0000, 0.0000, 0.0000,
         0.0000, 0.0000, 0.0000],
        [0.0475, 0.0624, 0.0718, 0.0764, 0.0797, 0.0809, 0.0825, 0.0799, 0.0736,
         0.0743, 0.0728, 0.0754, 0.0709, 0.0521, 0.0000, 0.0000, 0.0000, 0.0000,
         0.0000, 0.0000, 0.0000],
        [0.0460, 0.0615, 0.0712, 0.0772, 0.0810, 0.0821, 0.0832, 0.0803, 0.0739,
         0.0739, 0.0726, 0.0750, 0.0707, 0.0514, 0.0000, 0.0000, 0.0000, 0.0000,
         0.0000, 0.0000, 0.0000],
        [0.0453, 0.0610, 0.0707, 0.0772, 0.0812, 0.0826, 0.0835, 0.0807, 0.0740,
         0.0738, 0.0728, 0.0751, 0.0712, 0.0508, 0.0000, 0.0000, 0.0000, 0.0000,
         0.0000, 0.0000, 0.0000],
        [0.0442, 0.0608, 0.0709, 0.0774, 0.0817, 0.0825, 0.0839, 0.0812, 0.0743,
         0.0747, 0.0731, 0.0752, 0.0706, 0.0495, 0.0000, 0.0000, 0.0000, 0.0000,
         0.0000, 0.0000, 0.0000],
        [0.0453, 0.0614, 0.0707, 0.0769, 0.0813, 0.0814, 0.0834, 0.0805, 0.0742,
         0.0746, 0.0735, 0.0751, 0.0707, 0.0510, 0.0000, 0.0000, 0.0000, 0.0000,
         0.0000, 0.0000, 0.0000],
        [0.0453, 0.0613, 0.0709, 0.0778, 0.0812, 0.0814, 0.0830, 0.0803, 0.0736,
         0.0744, 0.0731, 0.0752, 0.0708, 0.0516, 0.0000, 0.0000, 0.0000, 0.0000,
         0.0000, 0.0000, 0.0000],
        [0.0449, 0.0608, 0.0707, 0.0777, 0.0811, 0.0823, 0.0840, 0.0804, 0.0735,
         0.0746, 0.0733, 0.0748, 0.0704, 0.0513, 0.0000, 0.0000, 0.0000, 0.0000,
         0.0000, 0.0000, 0.0000],
        [0.0467, 0.0615, 0.0710, 0.0775, 0.0802, 0.0811, 0.0834, 0.0797, 0.0735,
         0.0745, 0.0730, 0.0748, 0.0704, 0.0527, 0.0000, 0.0000, 0.0000, 0.0000,
         0.0000, 0.0000, 0.0000],
        [0.0470, 0.0619, 0.0711, 0.0778, 0.0804, 0.0816, 0.0831, 0.0796, 0.0736,
         0.0741, 0.0726, 0.0744, 0.0702, 0.0526, 0.0000, 0.0000, 0.0000, 0.0000,
         0.0000, 0.0000, 0.0000],
        [0.0486, 0.0624, 0.0715, 0.0775, 0.0796, 0.0806, 0.0823, 0.0793, 0.0735,
         0.0741, 0.0725, 0.0744, 0.0703, 0.0534, 0.0000, 0.0000, 0.0000, 0.0000,
         0.0000, 0.0000, 0.0000],
        [0.0500, 0.0632, 0.0716, 0.0774, 0.0791, 0.0800, 0.0811, 0.0788, 0.0735,
         0.0736, 0.0726, 0.0738, 0.0706, 0.0546, 0.0000, 0.0000, 0.0000, 0.0000,
         0.0000, 0.0000, 0.0000],
        [0.0506, 0.0633, 0.0717, 0.0777, 0.0793, 0.0803, 0.0812, 0.0777, 0.0728,
         0.0732, 0.0725, 0.0735, 0.0704, 0.0558, 0.0000, 0.0000, 0.0000, 0.0000,
         0.0000, 0.0000, 0.0000],
        [0.0507, 0.0632, 0.0717, 0.0781, 0.0786, 0.0802, 0.0807, 0.0782, 0.0738,
         0.0737, 0.0721, 0.0730, 0.0703, 0.0556, 0.0000, 0.0000, 0.0000, 0.0000,
         0.0000, 0.0000, 0.0000],
        [0.0511, 0.0636, 0.0719, 0.0772, 0.0787, 0.0803, 0.0807, 0.0780, 0.0731,
         0.0734, 0.0721, 0.0734, 0.0708, 0.0556, 0.0000, 0.0000, 0.0000, 0.0000,
         0.0000, 0.0000, 0.0000],
        [0.0511, 0.0636, 0.0719, 0.0772, 0.0787, 0.0803, 0.0807, 0.0780, 0.0731,
         0.0734, 0.0721, 0.0734, 0.0708, 0.0556, 0.0000, 0.0000, 0.0000, 0.0000,
         0.0000, 0.0000, 0.0000],
        [0.0511, 0.0636, 0.0719, 0.0772, 0.0787, 0.0803, 0.0807, 0.0780, 0.0731,
         0.0734, 0.0721, 0.0734, 0.0708, 0.0556, 0.0000, 0.0000, 0.0000, 0.0000,
         0.0000, 0.0000, 0.0000],
        [0.0511, 0.0636, 0.0719, 0.0772, 0.0787, 0.0803, 0.0807, 0.0780, 0.0731,
         0.0734, 0.0721, 0.0734, 0.0708, 0.0556, 0.0000, 0.0000, 0.0000, 0.0000,
         0.0000, 0.0000, 0.0000],
        [0.0511, 0.0636, 0.0719, 0.0772, 0.0787, 0.0803, 0.0807, 0.0780, 0.0731,
         0.0734, 0.0721, 0.0734, 0.0708, 0.0556, 0.0000, 0.0000, 0.0000, 0.0000,
         0.0000, 0.0000, 0.0000],
        [0.0511, 0.0636, 0.0719, 0.0772, 0.0787, 0.0803, 0.0807, 0.0780, 0.0731,
         0.0734, 0.0721, 0.0734, 0.0708, 0.0556, 0.0000, 0.0000, 0.0000, 0.0000,
         0.0000, 0.0000, 0.0000],
        [0.0511, 0.0636, 0.0719, 0.0772, 0.0787, 0.0803, 0.0807, 0.0780, 0.0731,
         0.0734, 0.0721, 0.0734, 0.0708, 0.0556, 0.0000, 0.0000, 0.0000, 0.0000,
         0.0000, 0.0000, 0.0000]], device='cuda:0', grad_fn=<SelectBackward>) torch.Size([200, 21, 21])
tensor([[0.0000, 0.0000, 0.7034, 0.1327, 0.0000, 0.0000, 0.0001, 0.0000, 0.0000,
         0.0000, 0.0000, 0.1637, 0.0000, 0.0000, 0.0000, 0.0000, 0.0000, 0.0000,
         0.0000, 0.0000, 0.0000],
        [0.0000, 0.0000, 0.2229, 0.2253, 0.0000, 0.0000, 0.0014, 0.0000, 0.0000,
         0.0000, 0.0000, 0.5504, 0.0000, 0.0000, 0.0000, 0.0000, 0.0000, 0.0000,
         0.0000, 0.0000, 0.0000],
        [0.0000, 0.0000, 0.3572, 0.5705, 0.0000, 0.0000, 0.0000, 0.0000, 0.0000,
         0.0001, 0.0000, 0.0721, 0.0000, 0.0000, 0.0000, 0.0000, 0.0000, 0.0000,
         0.0000, 0.0000, 0.0000],
        [0.0000, 0.0000, 0.1357, 0.7900, 0.0002, 0.0001, 0.0264, 0.0000, 0.0000,
         0.0063, 0.0000, 0.0404, 0.0006, 0.0000, 0.0000, 0.0000, 0.0000, 0.0000,
         0.0000, 0.0000, 0.0000],
        [0.0016, 0.0017, 0.3620, 0.1279, 0.0007, 0.0166, 0.0441, 0.0001, 0.0000,
         0.0132, 0.0002, 0.4254, 0.0055, 0.0009, 0.0000, 0.0000, 0.0000, 0.0000,
         0.0000, 0.0000, 0.0000],
        [0.0000, 0.0001, 0.0623, 0.1924, 0.0000, 0.0001, 0.0002, 0.0000, 0.0000,
         0.0000, 0.0000, 0.6991, 0.0457, 0.0000, 0.0000, 0.0000, 0.0000, 0.0000,
         0.0000, 0.0000, 0.0000],
        [0.0021, 0.0086, 0.5746, 0.2672, 0.0003, 0.0036, 0.0032, 0.0000, 0.0000,
         0.0005, 0.0000, 0.0153, 0.1244, 0.0001, 0.0000, 0.0000, 0.0000, 0.0000,
         0.0000, 0.0000, 0.0000],
        [0.0007, 0.0001, 0.0767, 0.7687, 0.0001, 0.0036, 0.0073, 0.0000, 0.0000,
         0.0001, 0.0000, 0.1250, 0.0177, 0.0000, 0.0000, 0.0000, 0.0000, 0.0000,
         0.0000, 0.0000, 0.0000],
        [0.0000, 0.0000, 0.0024, 0.9603, 0.0000, 0.0000, 0.0007, 0.0000, 0.0000,
         0.0011, 0.0000, 0.0354, 0.0000, 0.0000, 0.0000, 0.0000, 0.0000, 0.0000,
         0.0000, 0.0000, 0.0000],
        [0.0000, 0.0000, 0.0281, 0.9673, 0.0000, 0.0000, 0.0000, 0.0000, 0.0000,
         0.0004, 0.0000, 0.0042, 0.0000, 0.0000, 0.0000, 0.0000, 0.0000, 0.0000,
         0.0000, 0.0000, 0.0000],
        [0.0000, 0.0000, 0.0226, 0.9683, 0.0005, 0.0001, 0.0055, 0.0000, 0.0000,
         0.0018, 0.0000, 0.0010, 0.0001, 0.0000, 0.0000, 0.0000, 0.0000, 0.0000,
         0.0000, 0.0000, 0.0000],
        [0.0003, 0.0000, 0.2778, 0.7009, 0.0001, 0.0008, 0.0010, 0.0000, 0.0000,
         0.0095, 0.0000, 0.0090, 0.0005, 0.0000, 0.0000, 0.0000, 0.0000, 0.0000,
         0.0000, 0.0000, 0.0000],
        [0.0003, 0.0013, 0.3505, 0.5672, 0.0002, 0.0324, 0.0042, 0.0000, 0.0000,
         0.0000, 0.0000, 0.0038, 0.0364, 0.0038, 0.0000, 0.0000, 0.0000, 0.0000,
         0.0000, 0.0000, 0.0000],
        [0.0001, 0.0001, 0.5899, 0.3620, 0.0000, 0.0006, 0.0001, 0.0000, 0.0000,
         0.0000, 0.0000, 0.0471, 0.0001, 0.0000, 0.0000, 0.0000, 0.0000, 0.0000,
         0.0000, 0.0000, 0.0000],
        [0.0001, 0.0003, 0.2926, 0.6724, 0.0000, 0.0011, 0.0049, 0.0000, 0.0000,
         0.0000, 0.0000, 0.0195, 0.0090, 0.0000, 0.0000, 0.0000, 0.0000, 0.0000,
         0.0000, 0.0000, 0.0000],
        [0.0001, 0.0003, 0.2926, 0.6724, 0.0000, 0.0011, 0.0049, 0.0000, 0.0000,
         0.0000, 0.0000, 0.0195, 0.0090, 0.0000, 0.0000, 0.0000, 0.0000, 0.0000,
         0.0000, 0.0000, 0.0000],
        [0.0001, 0.0003, 0.2926, 0.6724, 0.0000, 0.0011, 0.0049, 0.0000, 0.0000,
         0.0000, 0.0000, 0.0195, 0.0090, 0.0000, 0.0000, 0.0000, 0.0000, 0.0000,
         0.0000, 0.0000, 0.0000],
        [0.0001, 0.0003, 0.2926, 0.6724, 0.0000, 0.0011, 0.0049, 0.0000, 0.0000,
         0.0000, 0.0000, 0.0195, 0.0090, 0.0000, 0.0000, 0.0000, 0.0000, 0.0000,
         0.0000, 0.0000, 0.0000],
        [0.0001, 0.0003, 0.2926, 0.6724, 0.0000, 0.0011, 0.0049, 0.0000, 0.0000,
         0.0000, 0.0000, 0.0195, 0.0090, 0.0000, 0.0000, 0.0000, 0.0000, 0.0000,
         0.0000, 0.0000, 0.0000],
        [0.0001, 0.0003, 0.2926, 0.6724, 0.0000, 0.0011, 0.0049, 0.0000, 0.0000,
         0.0000, 0.0000, 0.0195, 0.0090, 0.0000, 0.0000, 0.0000, 0.0000, 0.0000,
         0.0000, 0.0000, 0.0000],
        [0.0001, 0.0003, 0.2926, 0.6724, 0.0000, 0.0011, 0.0049, 0.0000, 0.0000,
         0.0000, 0.0000, 0.0195, 0.0090, 0.0000, 0.0000, 0.0000, 0.0000, 0.0000,
         0.0000, 0.0000, 0.0000]], device='cuda:0', grad_fn=<SelectBackward>) torch.Size([200, 21, 21])
tensor([[0.0001, 0.0000, 0.0000, 0.0004, 0.4191, 0.0001, 0.0003, 0.0000, 0.0000,
         0.0000, 0.0000, 0.0000, 0.5799, 0.0000, 0.0000, 0.0000, 0.0000, 0.0000,
         0.0000, 0.0000, 0.0000],
        [0.0000, 0.0000, 0.0000, 0.0007, 0.6306, 0.0000, 0.0002, 0.0000, 0.0000,
         0.0000, 0.0000, 0.0000, 0.3685, 0.0000, 0.0000, 0.0000, 0.0000, 0.0000,
         0.0000, 0.0000, 0.0000],
        [0.0509, 0.0020, 0.0220, 0.0313, 0.1003, 0.0028, 0.0227, 0.0006, 0.0000,
         0.0003, 0.0003, 0.0136, 0.7211, 0.0321, 0.0000, 0.0000, 0.0000, 0.0000,
         0.0000, 0.0000, 0.0000],
        [0.0348, 0.0002, 0.0026, 0.0178, 0.0093, 0.0004, 0.0325, 0.0000, 0.0000,
         0.0000, 0.0000, 0.0015, 0.8964, 0.0044, 0.0000, 0.0000, 0.0000, 0.0000,
         0.0000, 0.0000, 0.0000],
        [0.0001, 0.0000, 0.0000, 0.0009, 0.8791, 0.0000, 0.0002, 0.0000, 0.0000,
         0.0000, 0.0000, 0.0003, 0.1194, 0.0000, 0.0000, 0.0000, 0.0000, 0.0000,
         0.0000, 0.0000, 0.0000],
        [0.0000, 0.0001, 0.0001, 0.0098, 0.0552, 0.0001, 0.0002, 0.0000, 0.0000,
         0.0000, 0.0000, 0.0002, 0.9343, 0.0000, 0.0000, 0.0000, 0.0000, 0.0000,
         0.0000, 0.0000, 0.0000],
        [0.0296, 0.0334, 0.0247, 0.4112, 0.1110, 0.0500, 0.0447, 0.0002, 0.0000,
         0.0001, 0.0023, 0.0337, 0.2572, 0.0018, 0.0000, 0.0000, 0.0000, 0.0000,
         0.0000, 0.0000, 0.0000],
        [0.0005, 0.0000, 0.0005, 0.0241, 0.8441, 0.0022, 0.0045, 0.0000, 0.0000,
         0.0000, 0.0000, 0.0007, 0.1233, 0.0000, 0.0000, 0.0000, 0.0000, 0.0000,
         0.0000, 0.0000, 0.0000],
        [0.0000, 0.0000, 0.0000, 0.0028, 0.9800, 0.0000, 0.0000, 0.0000, 0.0000,
         0.0000, 0.0000, 0.0000, 0.0171, 0.0000, 0.0000, 0.0000, 0.0000, 0.0000,
         0.0000, 0.0000, 0.0000],
        [0.0004, 0.0000, 0.0006, 0.0059, 0.9184, 0.0005, 0.0008, 0.0000, 0.0000,
         0.0000, 0.0000, 0.0634, 0.0099, 0.0000, 0.0000, 0.0000, 0.0000, 0.0000,
         0.0000, 0.0000, 0.0000],
        [0.0000, 0.0000, 0.0000, 0.0005, 0.9984, 0.0000, 0.0000, 0.0000, 0.0000,
         0.0000, 0.0000, 0.0003, 0.0008, 0.0000, 0.0000, 0.0000, 0.0000, 0.0000,
         0.0000, 0.0000, 0.0000],
        [0.0044, 0.0010, 0.0076, 0.2780, 0.1971, 0.2381, 0.0272, 0.0000, 0.0000,
         0.0000, 0.0008, 0.0626, 0.1282, 0.0549, 0.0000, 0.0000, 0.0000, 0.0000,
         0.0000, 0.0000, 0.0000],
        [0.0026, 0.0003, 0.0037, 0.5985, 0.2525, 0.0208, 0.0544, 0.0000, 0.0000,
         0.0000, 0.0007, 0.0018, 0.0642, 0.0004, 0.0000, 0.0000, 0.0000, 0.0000,
         0.0000, 0.0000, 0.0000],
        [0.0015, 0.0003, 0.0002, 0.0217, 0.1865, 0.0072, 0.0013, 0.0000, 0.0000,
         0.0000, 0.0000, 0.0000, 0.7813, 0.0000, 0.0000, 0.0000, 0.0000, 0.0000,
         0.0000, 0.0000, 0.0000],
        [0.0009, 0.0001, 0.0042, 0.3928, 0.0776, 0.0097, 0.0425, 0.0000, 0.0000,
         0.0000, 0.0000, 0.0000, 0.4720, 0.0002, 0.0000, 0.0000, 0.0000, 0.0000,
         0.0000, 0.0000, 0.0000],
        [0.0009, 0.0001, 0.0042, 0.3928, 0.0776, 0.0097, 0.0425, 0.0000, 0.0000,
         0.0000, 0.0000, 0.0000, 0.4720, 0.0002, 0.0000, 0.0000, 0.0000, 0.0000,
         0.0000, 0.0000, 0.0000],
        [0.0009, 0.0001, 0.0042, 0.3928, 0.0776, 0.0097, 0.0425, 0.0000, 0.0000,
         0.0000, 0.0000, 0.0000, 0.4720, 0.0002, 0.0000, 0.0000, 0.0000, 0.0000,
         0.0000, 0.0000, 0.0000],
        [0.0009, 0.0001, 0.0042, 0.3928, 0.0776, 0.0097, 0.0425, 0.0000, 0.0000,
         0.0000, 0.0000, 0.0000, 0.4720, 0.0002, 0.0000, 0.0000, 0.0000, 0.0000,
         0.0000, 0.0000, 0.0000],
        [0.0009, 0.0001, 0.0042, 0.3928, 0.0776, 0.0097, 0.0425, 0.0000, 0.0000,
         0.0000, 0.0000, 0.0000, 0.4720, 0.0002, 0.0000, 0.0000, 0.0000, 0.0000,
         0.0000, 0.0000, 0.0000],
        [0.0009, 0.0001, 0.0042, 0.3928, 0.0776, 0.0097, 0.0425, 0.0000, 0.0000,
         0.0000, 0.0000, 0.0000, 0.4720, 0.0002, 0.0000, 0.0000, 0.0000, 0.0000,
         0.0000, 0.0000, 0.0000],
        [0.0009, 0.0001, 0.0042, 0.3928, 0.0776, 0.0097, 0.0425, 0.0000, 0.0000,
         0.0000, 0.0000, 0.0000, 0.4720, 0.0002, 0.0000, 0.0000, 0.0000, 0.0000,
         0.0000, 0.0000, 0.0000]], device='cuda:0', grad_fn=<SelectBackward>) torch.Size([200, 21, 21])