1.0026692152023315	0.03987915441393852
1.001636266708374	0.041512664407491684
0.9975994229316711	0.10005621612071991
0.9946107268333435	0.12863889336585999
1.0006693601608276	0.09643983095884323
0.9922096729278564	0.13734859228134155
0.990204930305481	0.15059737861156464
0.9844515323638916	0.17397339642047882
0.9803271889686584	0.1758897453546524
0.9808663725852966	0.17678649723529816
0.9779430627822876	0.19308482110500336
0.9767823815345764	0.1867886334657669
0.9728116989135742	0.20126359164714813
0.9714618921279907	0.2179909348487854
0.9727452993392944	0.19650697708129883
0.9702774882316589	0.21166299283504486
0.9658758044242859	0.22039583325386047
0.9624211192131042	0.22032640874385834
0.9580613970756531	0.2217155247926712
0.9612553715705872	0.21764206886291504
0.9562162160873413	0.23819519579410553
0.9454643130302429	0.2621590197086334
0.9512808322906494	0.2574729025363922
0.9429003000259399	0.2700989246368408
0.9404103755950928	0.2806714177131653
0.9358348250389099	0.2879447340965271
0.9319559335708618	0.2889562249183655
0.9318909049034119	0.28578734397888184
0.9223726987838745	0.3026178479194641
0.9214084148406982	0.3053971529006958
0.9258782863616943	0.2930546998977661
0.9142942428588867	0.31993716955184937
0.9036307334899902	0.33468055725097656
0.907640814781189	0.33719950914382935
0.906812846660614	0.3366890549659729
0.8898062705993652	0.35827186703681946
0.886744499206543	0.3619546890258789
0.8695465922355652	0.37954020500183105
0.8879300951957703	0.3564522862434387
0.876710057258606	0.3738919496536255
0.8621857166290283	0.38342171907424927
0.8454706072807312	0.4030354619026184
0.8240293264389038	0.42917734384536743
0.833522379398346	0.42494475841522217
0.8138895034790039	0.4449440538883209
0.8153164982795715	0.43892693519592285
0.7928528785705566	0.46284598112106323
0.7953574657440186	0.46005183458328247
0.7981061339378357	0.46400824189186096
0.7537843585014343	0.5083661675453186
0.7375450134277344	0.5302577018737793
0.7248438000679016	0.5397355556488037
0.7219586968421936	0.5373214483261108
0.6877378821372986	0.5680994987487793
0.6777657270431519	0.5758867859840393
0.6588655710220337	0.597838282585144
0.657035231590271	0.5960693955421448
0.644194483757019	0.6072973012924194
0.6423549652099609	0.6062454581260681
0.6309506297111511	0.6162366271018982
0.6032437086105347	0.636064887046814
0.5899772644042969	0.6506826877593994
0.5726906061172485	0.6607403755187988
0.580887496471405	0.6590386629104614
0.5603010654449463	0.6676100492477417
0.5705863833427429	0.6646711826324463
0.5599003434181213	0.6717839241027832
0.5425657629966736	0.682044267654419
0.5362316966056824	0.6852751970291138
0.5383704900741577	0.6815968155860901
0.5286509990692139	0.6910779476165771
0.5188818573951721	0.6971582770347595
0.5139855146408081	0.6989855170249939
0.5100898742675781	0.7053719162940979
0.505216658115387	0.7064337730407715
0.5042299032211304	0.7087827920913696
0.4985898733139038	0.7149742841720581
0.4894806742668152	0.7216647863388062
0.4965212941169739	0.7140458226203918
0.48985394835472107	0.7157124280929565
0.464475154876709	0.7325751185417175
0.4633195996284485	0.734904408454895
0.4703897535800934	0.7289546728134155
0.45967376232147217	0.7363584637641907
0.46918773651123047	0.732519805431366
0.44989272952079773	0.742906391620636
0.453214555978775	0.7421220541000366
0.4424605965614319	0.7473918199539185
0.4389183223247528	0.7514336705207825
0.43285202980041504	0.7541549205780029
0.4373571574687958	0.7528617978096008
0.4449661672115326	0.7456957697868347
0.45096614956855774	0.7437811493873596
0.44207891821861267	0.7495467662811279
0.43887290358543396	0.7507907748222351
0.4292284846305847	0.7564266324043274
0.43370741605758667	0.753189742565155
0.42949774861335754	0.7566720247268677
0.42647770047187805	0.7605259418487549
0.4344455599784851	0.7551741600036621
0.4321466386318207	0.7566735148429871
0.42768582701683044	0.758010745048523
0.4316614866256714	0.756687581539154
0.42953699827194214	0.7585842609405518
0.4271678626537323	0.7582744359970093
0.42793774604797363	0.759626567363739
0.42506399750709534	0.7612379193305969
0.4242146611213684	0.760944128036499
0.4268985688686371	0.7597442269325256
0.42620059847831726	0.7598950862884521
0.4315941035747528	0.7564173936843872
0.43745914101600647	0.7530583739280701
0.42382121086120605	0.7616140246391296
0.42122000455856323	0.7628500461578369
0.420729398727417	0.7633699178695679
0.4203064739704132	0.7651552557945251
0.42325809597969055	0.7632821798324585
0.4242076575756073	0.764159083366394
0.41721832752227783	0.7672231197357178
0.41756266355514526	0.7665399312973022
0.42013752460479736	0.7667414546012878
0.41796913743019104	0.7669646143913269
0.42179009318351746	0.7628079652786255
0.4284796714782715	0.7625086307525635
0.4171898663043976	0.7680845260620117
0.42184120416641235	0.7638582587242126
0.4145808815956116	0.7679585814476013
0.4188823997974396	0.7651806473731995
0.41718703508377075	0.7667046785354614
0.42480549216270447	0.7639060020446777
0.4205610454082489	0.7663223743438721
0.42099884152412415	0.7654514312744141
0.4250817894935608	0.7608810663223267
0.42352166771888733	0.7631106972694397
0.4226439595222473	0.7644511461257935
0.412678062915802	0.7703637480735779
0.4181353449821472	0.7676442265510559
0.4136623740196228	0.7692155241966248
0.416766494512558	0.7666476368904114
0.4190974533557892	0.7676367163658142
0.41409966349601746	0.7696998119354248
0.41540566086769104	0.7696487307548523
0.41354331374168396	0.768467128276825
0.4223789870738983	0.7661012411117554
0.41583454608917236	0.7679780721664429
0.41749757528305054	0.7683848738670349
0.41259765625	0.7703391909599304
0.4190472662448883	0.76780766248703
0.422052800655365	0.7679173350334167
0.42017418146133423	0.7677536010742188
0.41586318612098694	0.7675262093544006
0.41818541288375854	0.7680720090866089
0.42014801502227783	0.7673093676567078
0.4158789813518524	0.7696622610092163
0.41890639066696167	0.7661291360855103
0.4157354235649109	0.7687575221061707
0.4214075803756714	0.765964150428772
0.42278605699539185	0.7659225463867188
0.42087551951408386	0.7672746181488037
0.4145808815956116	0.7693287134170532
0.42325559258461	0.7673342823982239
0.4181418716907501	0.7678780555725098
0.41765841841697693	0.7702674269676208
0.421419620513916	0.7680787444114685
0.4177015423774719	0.769271194934845
0.4173939824104309	0.7679725885391235
0.42034441232681274	0.7680256366729736
0.42033252120018005	0.7658777236938477
0.4226144254207611	0.7666795253753662
0.4173251986503601	0.7695459127426147
0.419400691986084	0.7680091261863708
0.4185046851634979	0.7685024738311768
0.4211360812187195	0.7675097584724426
0.421215683221817	0.766343891620636
0.421781450510025	0.7671082615852356
0.418475478887558	0.7682073712348938
0.41974005103111267	0.767938494682312
0.4221957325935364	0.7668885588645935
0.4188624620437622	0.7678663730621338
0.4170779287815094	0.7697811126708984
0.4194657504558563	0.7680842280387878
0.41570714116096497	0.7697128653526306
0.42360490560531616	0.7672932147979736
0.4164070188999176	0.769439160823822
0.41693946719169617	0.7697815299034119
0.41486379504203796	0.7706443667411804
0.41696128249168396	0.7697227001190186
0.4177844524383545	0.7682837843894958
0.41955357789993286	0.7707637548446655
0.4218774735927582	0.7683122754096985
0.4149039089679718	0.7698620557785034
0.41757625341415405	0.7685046792030334
0.4157644212245941	0.7688950300216675
0.419117271900177	0.7689664959907532
0.41934508085250854	0.7686823606491089
0.42345312237739563	0.7674837112426758
0.42150238156318665	0.7683492302894592
0.41894999146461487	0.7685023546218872
0.4171801507472992	0.7689825892448425
0.419520765542984	0.7691579461097717
0.4172305166721344	0.7702768445014954
0.414600670337677	0.7698614001274109
0.42079782485961914	0.7677229642868042
0.4238440692424774	0.7677628397941589
0.41829192638397217	0.769201934337616
0.41709595918655396	0.7690361142158508
0.4220149517059326	0.7676153779029846
0.41992494463920593	0.7686145305633545
0.42314133048057556	0.7669298648834229
0.4235529601573944	0.7674914598464966
0.4229274094104767	0.767444372177124
0.4218548834323883	0.7674458026885986
0.42043042182922363	0.7687838077545166
0.4207494258880615	0.7687124609947205
0.41956743597984314	0.7678983211517334
0.42092591524124146	0.7670478224754333
0.4250221848487854	0.7659173011779785
0.4234815537929535	0.7674882411956787
0.41946470737457275	0.7680743336677551
0.41989681124687195	0.7676957845687866
0.4203220307826996	0.7672953009605408
0.42034095525741577	0.7676019072532654
0.4219726026058197	0.7672193050384521
0.42119550704956055	0.7673613429069519
0.4216481149196625	0.7675020098686218
0.4247555434703827	0.7661487460136414
0.4200681149959564	0.7676724791526794
0.41741621494293213	0.7686704993247986
0.41821005940437317	0.7689418792724609
0.42100027203559875	0.7679882049560547
0.4222266376018524	0.7673417925834656
0.42656415700912476	0.7663113474845886
0.42280200123786926	0.7668736577033997
0.4212285578250885	0.7681122422218323
0.4208817780017853	0.7688069939613342
0.4173584580421448	0.76991868019104
0.42180198431015015	0.768374502658844
0.41637179255485535	0.7693142890930176
0.42239031195640564	0.7676902413368225
0.4210589826107025	0.7672522664070129
0.4197162091732025	0.767935574054718
0.4221727252006531	0.7680611610412598
0.4221910536289215	0.7675952911376953
0.4198794364929199	0.768408477306366
0.4273146390914917	0.7665817141532898
0.42068713903427124	0.7680612802505493
0.4231931269168854	0.7678338289260864
0.42253103852272034	0.7672446966171265
0.423396497964859	0.7669340372085571
0.42386168241500854	0.7669236660003662
0.4231051504611969	0.7663171887397766
0.4196926951408386	0.768377959728241
0.42240941524505615	0.7674397826194763
0.42279455065727234	0.7668832540512085
0.4249108135700226	0.7668724656105042
0.4230238199234009	0.7667019963264465
0.42618659138679504	0.7658020853996277
0.4270438551902771	0.7656183838844299
0.424517959356308	0.7667473554611206
0.4253033697605133	0.7661834359169006
0.425866037607193	0.7660905122756958
0.424386203289032	0.7664343118667603
0.42277875542640686	0.7663581371307373
0.4213067591190338	0.7669599056243896
0.4236578047275543	0.76712566614151
0.4251159131526947	0.7655369639396667
0.424064964056015	0.7656693458557129
0.4258866310119629	0.7661964297294617
0.42637044191360474	0.766512930393219
0.42190587520599365	0.7675713896751404
0.42085662484169006	0.7680339813232422
0.42380833625793457	0.7668150067329407
0.423410564661026	0.7666845321655273
0.42293795943260193	0.7660940885543823
0.4235359728336334	0.7666492462158203
0.4247129261493683	0.765884280204773
0.4234650433063507	0.7657484412193298
0.4232235252857208	0.7665941715240479
0.42526528239250183	0.7655841708183289
0.4246903657913208	0.7657033801078796
0.423255056142807	0.7670848965644836
0.4227379560470581	0.7668376564979553
0.42315202951431274	0.7667829394340515
0.42565789818763733	0.7656650543212891
0.4208579659461975	0.7681808471679688
0.4236109256744385	0.7672056555747986
0.4251790940761566	0.7672364711761475
0.42378631234169006	0.7667677402496338
0.4265429973602295	0.7661606073379517
0.42211392521858215	0.7676393985748291
0.4262390732765198	0.7664072513580322
0.42496955394744873	0.766357421875
0.42738962173461914	0.7655202150344849
0.4255175292491913	0.766299307346344
0.42461085319519043	0.7662602066993713
0.4260610342025757	0.7661985158920288
0.4261053204536438	0.7659523487091064
0.4240019917488098	0.7664176225662231
0.4246733784675598	0.7661672830581665
0.4233250916004181	0.7672591209411621
0.42407330870628357	0.7669095993041992
0.4251513183116913	0.7665194869041443
0.42664042115211487	0.7661706209182739
0.42522871494293213	0.7662296295166016
0.42678719758987427	0.7658303380012512
0.426239013671875	0.7656733393669128
0.4255976378917694	0.7661566138267517
0.4278566539287567	0.7647029757499695
0.4261592924594879	0.7656689882278442
0.4269743263721466	0.7650443315505981
0.42646774649620056	0.7653475999832153
0.42530956864356995	0.766022801399231
0.4267383813858032	0.7649117708206177
0.42543113231658936	0.7654016613960266
0.42460349202156067	0.7655832171440125
0.42688724398612976	0.7654114365577698
0.4268993139266968	0.7653841376304626
0.42695388197898865	0.7650762796401978
0.4286857843399048	0.7648143172264099
0.4241488575935364	0.766154944896698
0.42759832739830017	0.7650952935218811
0.42538461089134216	0.7662577033042908
0.42443376779556274	0.766120433807373
0.42520663142204285	0.7661898136138916
0.42460012435913086	0.7661573886871338
0.42686372995376587	0.7655504941940308
0.42491456866264343	0.7656475305557251
0.42629849910736084	0.7655223608016968
0.4257763922214508	0.7656446099281311
0.42472684383392334	0.766114354133606
0.42651963233947754	0.7657310366630554
0.4257986843585968	0.765998899936676
0.42779242992401123	0.7650285363197327
0.4248819351196289	0.765860915184021
0.4238920509815216	0.7662116885185242
0.4256066381931305	0.7659041881561279
0.4253057539463043	0.7661020159721375
0.42582637071609497	0.7656535506248474
0.4243796169757843	0.7663714289665222
0.4259471595287323	0.7659034132957458
0.42544296383857727	0.7657111287117004
0.42666006088256836	0.7656626105308533
0.42844268679618835	0.7644575834274292
0.42709803581237793	0.7660133838653564
0.425029993057251	0.766533613204956
0.4255962669849396	0.7659570574760437
0.42573538422584534	0.7660714387893677
0.4247879981994629	0.7658594250679016
0.4245114028453827	0.766125500202179
0.424396276473999	0.7659401893615723
0.4251958131790161	0.7660177946090698
0.4251497685909271	0.7662443518638611
0.42626938223838806	0.7657434344291687
0.42652690410614014	0.7653557658195496
0.4253484010696411	0.7655730843544006
0.42588233947753906	0.7658615708351135
0.4255678355693817	0.7656148076057434
0.42287781834602356	0.766961932182312
0.424604594707489	0.7661409974098206
0.4223739206790924	0.766771674156189
0.4233749806880951	0.7666833400726318
0.42352646589279175	0.7671659588813782
0.42410680651664734	0.7665281891822815
0.4245559871196747	0.7664757370948792
0.4253491461277008	0.7663186192512512
0.42536479234695435	0.7662426233291626
0.4259848892688751	0.7662848830223083
0.42422470450401306	0.7666466236114502
0.4257568418979645	0.7663443684577942
0.4261709153652191	0.765762448310852
0.42517030239105225	0.7662329077720642
0.4249052405357361	0.7666147947311401
0.4246818721294403	0.7663192749023438
0.42549049854278564	0.7666516304016113
0.4258132576942444	0.7659661173820496
0.42687854170799255	0.7659372091293335
0.42480066418647766	0.7664685845375061
0.42575618624687195	0.7664639949798584
0.4244174063205719	0.7665355801582336
0.42443376779556274	0.7665020823478699
0.42464905977249146	0.7664211988449097
0.4245090186595917	0.7663434743881226
0.4262539744377136	0.7659183740615845
0.42665478587150574	0.7654887437820435
0.42661988735198975	0.7657569646835327
0.4262048304080963	0.7661654949188232
0.42627230286598206	0.7658493518829346
0.42522919178009033	0.7661441564559937
0.4253607988357544	0.7660619616508484
0.42610347270965576	0.7656081914901733
0.4240590035915375	0.7665589451789856
0.42480283975601196	0.766351044178009
0.4251522719860077	0.7660858035087585
0.4249711334705353	0.7659438848495483
0.42618706822395325	0.7657653093338013
0.42700111865997314	0.7655569911003113
0.42680618166923523	0.7653802633285522
0.4286973774433136	0.7647901773452759
0.4268103837966919	0.7651271820068359
0.4252617657184601	0.7660385370254517
0.4259851276874542	0.765692412853241
0.4255111515522003	0.7658693194389343
0.4247482120990753	0.7661792635917664
0.4257509708404541	0.7660297751426697
0.42498114705085754	0.7663019895553589
0.42611029744148254	0.765725314617157
0.42545047402381897	0.765997588634491
0.4254474341869354	0.7659282088279724
0.42674756050109863	0.7653864026069641
0.42638295888900757	0.7656019330024719
0.42562320828437805	0.7658491730690002
0.4255729913711548	0.7661210894584656
0.4260808527469635	0.7658884525299072
0.4256623685359955	0.7659608721733093
0.4269557297229767	0.7653203010559082
0.42610928416252136	0.7658030390739441
0.4270896911621094	0.7652814984321594
0.42686930298805237	0.7653584480285645
0.426535427570343	0.7657397389411926
0.42630860209465027	0.7658330798149109
0.4277520775794983	0.7652020454406738
0.4279212951660156	0.7648610472679138
0.42693638801574707	0.7651692032814026
0.4267365336418152	0.7652614712715149
0.42601022124290466	0.7657546997070312
0.42705100774765015	0.7652400135993958
0.4271276593208313	0.7652987241744995
0.42589128017425537	0.7657104134559631
0.42594581842422485	0.7658330798149109
0.4258197247982025	0.7658904790878296
0.42501285672187805	0.7660818099975586
0.42624884843826294	0.765363335609436
0.4266371428966522	0.7659443616867065
0.42588144540786743	0.7656235098838806
0.4263109862804413	0.7655136585235596
0.426896333694458	0.76555335521698
0.42741701006889343	0.7652682065963745
0.42687833309173584	0.7655016183853149
0.427082359790802	0.7653746604919434
0.4266660213470459	0.7653927803039551
0.4255357086658478	0.7656886577606201
0.4266136884689331	0.7654072046279907
0.4268757998943329	0.7652274370193481
0.4259353280067444	0.7655200362205505
0.426560640335083	0.7652637362480164
0.42629021406173706	0.7655907273292542
0.4264710247516632	0.7654014229774475
0.4261663854122162	0.7653294205665588
0.42639845609664917	0.7657601237297058
0.4267878234386444	0.7654522657394409
0.4265643060207367	0.7654995918273926
0.42718738317489624	0.765417754650116
0.4258546233177185	0.7657001614570618
0.4262884259223938	0.7656043767929077
0.4264155626296997	0.765418529510498
0.4264143705368042	0.7654849290847778
0.42693227529525757	0.7654294371604919
0.4263702929019928	0.7655198574066162
0.42660024762153625	0.765457034111023
0.42731934785842896	0.7650942802429199
0.42738065123558044	0.7654908299446106
0.4272003173828125	0.7654171586036682
0.42699265480041504	0.7652174234390259
0.42744290828704834	0.7653419375419617
0.4268084466457367	0.7654947638511658
0.4266630709171295	0.7652714252471924
0.4273592531681061	0.7652689814567566
0.42731165885925293	0.7653683423995972
0.42650681734085083	0.7657002210617065
0.42685994505882263	0.7653502225875854
0.42683693766593933	0.7654147744178772
0.42640045285224915	0.765526533126831
0.42604565620422363	0.7656165361404419
0.4263721704483032	0.7655542492866516
0.42655149102211	0.7654779553413391
0.4265369772911072	0.7654402256011963
0.4268036484718323	0.7655337452888489
0.42706507444381714	0.7651053071022034
0.42715558409690857	0.765228807926178
0.4266197383403778	0.7654364705085754
0.4257454574108124	0.7657334804534912
0.426378071308136	0.7655410766601562
0.426861435174942	0.7654575109481812
0.42669758200645447	0.7656116485595703
0.4265889823436737	0.765569269657135
0.42681849002838135	0.7654812335968018
0.42730990052223206	0.7652857303619385
0.42688366770744324	0.7652595639228821
0.4273710548877716	0.7650569677352905
0.42722979187965393	0.7650176286697388
0.4265299141407013	0.7654151916503906
0.42635378241539	0.7654283046722412
0.4265846014022827	0.765347421169281
0.4270362854003906	0.7653307318687439
0.42733412981033325	0.7652906179428101
0.4262724220752716	0.765676736831665
0.4265429973602295	0.7655057907104492
0.42593204975128174	0.7658241391181946
0.4257740378379822	0.7659414410591125
0.4263785779476166	0.7655054926872253
