1 56.4
2 56.4
3 56.4
4 56.4
5 56.4
6 56.4
7 20.0
8 57.8
9 56.8
10 56.4
11 61.4
12 57.0
13 62.6
14 63.2
15 68.4
16 68.2
17 68.4
18 59.8
19 58.2
20 64.4
21 42.4
22 65.4
23 73.4
24 60.2
25 55.6
26 76.8
27 78.0
28 74.8
29 49.2
30 60.4
31 80.0
32 77.0
33 77.2
34 76.6
35 80.8
36 76.8
37 79.0
38 52.2
39 77.8
40 81.2
41 64.6
42 82.4
43 73.2
44 71.6
45 75.2
46 80.4
47 71.2
48 77.4
49 84.4
50 79.2
51 81.8
52 66.6
53 81.8
54 79.2
55 70.8
56 83.4
57 74.2
58 77.6
59 81.8
60 76.2
61 80.6
62 78.6
63 83.8
64 76.6
65 83.8
66 83.2
67 73.4
68 81.6
69 82.0
70 79.0
71 79.4
72 81.4
73 80.8
74 80.4
75 71.0
76 76.6
77 76.8
78 83.2
79 83.6
80 80.0
81 78.4
82 80.6
83 83.8
84 78.4
85 74.2
86 75.8
87 84.8
88 80.2
89 80.6
90 79.6
91 80.8
92 82.4
93 75.4
94 75.2
95 81.6
96 83.8
97 81.0
98 81.6
99 80.2
100 82.6
101 81.4
102 81.0
103 83.6
104 76.0
105 78.2
106 78.8
107 82.4
108 83.0
109 83.0
110 78.8
111 79.6
112 81.6
113 81.4
114 83.8
115 81.2
116 82.8
117 79.8
118 81.6
119 83.4
120 79.8
121 81.4
122 82.8
123 79.8
124 79.4
125 81.0
126 77.8
127 83.8
128 79.2
129 80.8
130 82.4
131 83.2
132 72.8
133 83.0
134 83.8
135 81.2
136 82.4
137 80.8
138 84.0
139 84.6
140 80.4
141 84.2
142 82.4
143 84.0
144 80.8
145 82.2
146 82.6
147 82.4
148 81.6
149 79.2
150 84.6
151 83.2
152 83.8
153 82.2
154 82.4
155 82.4
156 82.6
157 78.4
158 84.2
159 78.8
160 82.4
161 81.8
162 83.6
163 84.6
164 84.0
165 83.0
166 82.4
167 79.2
168 81.8
169 82.2
170 85.2
171 83.6
172 81.8
173 79.4
174 80.8
175 84.0
176 83.2
177 83.8
178 83.4
179 83.4
180 82.4
181 83.8
182 84.4
183 83.6
184 81.2
185 82.0
186 84.2
187 83.6
188 83.4
189 82.4
190 83.8
191 81.6
192 80.2
193 82.4
194 84.6
195 84.4
196 83.0
197 82.8
198 83.0
199 82.8
200 84.0
201 84.6
202 84.4
203 82.2
204 83.0
205 83.2
206 84.8
207 82.6
208 84.8
209 82.4
210 83.6
211 82.4
212 82.2
213 83.0
214 83.4
215 84.2
216 83.2
217 81.0
218 82.4
219 83.2
220 82.8
221 83.4
222 84.6
223 83.4
224 83.0
225 83.0
226 82.4
227 83.6
228 83.8
229 83.2
230 83.2
231 81.2
232 83.0
233 83.6
234 83.4
235 83.4
236 83.8
237 83.4
238 83.4
239 83.4
240 83.0
241 84.4
242 83.4
243 81.8
244 79.8
245 81.4
246 83.8
247 83.2
248 83.2
249 82.8
250 83.6
251 83.0
252 80.8
253 83.0
254 83.2
255 84.4
256 84.4
257 83.0
258 81.8
259 83.2
260 84.0
261 81.4
262 83.8
263 84.2
264 84.4
265 83.0
266 83.2
267 84.4
268 83.2
269 84.2
270 83.2
271 83.6
272 85.0
273 83.6
274 83.2
275 83.6
276 83.2
277 81.8
278 83.4
279 83.2
280 82.8
281 84.2
282 83.2
283 83.0
284 84.2
285 83.4
286 84.8
287 82.8
288 83.4
289 83.2
290 83.6
291 83.4
292 83.2
293 82.8
294 83.6
295 83.0
296 82.6
297 83.6
298 83.6
299 83.4
300 83.4
301 82.8
302 83.0
303 83.0
304 83.4
305 83.4
306 84.8
307 82.8
308 83.6
309 83.8
310 83.0
311 83.2
312 83.0
313 82.8
314 83.6
315 82.2
316 83.0
317 83.2
318 83.6
319 84.4
320 84.4
321 83.2
322 83.0
323 83.4
324 83.0
325 83.4
326 83.6
327 83.2
328 83.2
329 83.2
330 83.0
331 83.6
332 83.2
333 83.2
334 85.2
335 83.0
336 83.0
337 83.6
338 83.2
339 84.2
340 83.2
341 83.0
342 83.2
343 83.6
344 83.4
345 83.8
346 83.2
347 83.2
348 83.2
349 82.6
350 83.0
351 82.8
352 83.0
353 82.6
354 83.2
355 82.6
356 83.0
357 83.0
358 83.2
359 83.2
360 83.0
361 83.2
362 83.2
363 82.6
364 83.2
365 82.8
366 83.2
367 83.2
368 83.0
369 84.0
370 82.8
371 83.4
372 83.0
373 83.0
374 83.0
375 83.0
376 83.0
377 82.6
378 82.6
379 82.6
380 84.6
381 83.2
382 83.2
383 83.2
384 83.2
385 83.0
386 82.8
387 82.8
388 83.2
389 82.8
390 83.2
391 83.2
392 83.0
393 83.2
394 83.2
395 83.0
396 82.8
397 82.8
398 83.2
399 83.4
400 83.4
401 83.8
402 83.2
403 83.0
404 83.0
405 84.2
406 83.2
407 83.2
408 83.6
409 83.2
410 83.2
411 83.4
412 83.2
413 83.0
414 83.4
415 83.2
416 83.0
417 83.2
418 83.2
419 83.2
420 83.2
421 83.6
422 83.2
423 83.0
424 83.2
425 83.2
426 83.2
427 83.2
428 83.2
429 83.0
430 83.0
431 83.0
432 83.2
433 83.2
434 83.2
435 83.2
436 83.0
437 83.0
438 83.2
439 83.2
440 82.8
441 83.2
442 82.6
443 83.2
444 82.8
445 83.0
446 83.2
447 83.2
448 83.2
449 83.2
450 83.0
451 83.2
452 83.0
453 83.0
454 83.0
455 83.2
456 83.0
457 83.2
458 83.2
459 83.2
460 83.0
461 83.2
462 83.0
463 83.0
464 82.8
465 83.0
466 83.2
467 83.0
468 83.0
469 83.4
470 83.4
471 83.0
472 83.0
473 83.0
474 83.0
475 83.2
476 83.2
477 83.2
478 83.2
479 83.0
480 83.2
481 83.2
482 83.0
483 83.2
484 83.2
485 83.4
486 83.0
487 83.0
488 83.0
489 83.2
490 83.0
491 83.0
492 83.0
493 83.2
494 83.0
495 83.0
496 83.0
497 83.0
498 83.0
499 82.8
500 83.0
501 82.8
502 83.0
503 83.0
504 83.0
505 83.0
506 83.0
507 82.8
508 83.0
509 82.8
510 83.0
511 83.0
512 83.0
513 83.0
514 82.8
515 83.0
516 82.8
517 82.8
518 83.0
519 82.8
520 82.8
521 82.8
522 83.0
523 82.8
524 82.8
525 82.8
526 83.0
527 83.0
528 82.8
529 82.8
530 83.2
531 82.8
532 83.0
533 83.0
534 83.0
535 83.0
536 83.0
537 83.0
538 82.8
539 83.0
540 82.8
541 83.4
542 83.4
543 83.0
544 83.2
545 83.0
546 83.0
547 83.0
548 83.0
549 83.2
550 83.4
551 83.0
552 83.0
553 83.0
554 82.8
555 82.8
556 82.8
557 82.8
558 83.0
559 83.0
560 83.0
561 83.0
562 83.0
563 83.2
564 82.8
565 83.0
566 83.0
567 82.8
568 83.0
569 83.0
570 82.8
571 83.2
572 83.2
573 82.8
574 83.0
575 83.0
576 82.8
577 82.8
578 82.8
579 83.0
580 83.0
581 82.8
582 82.8
583 83.0
584 83.0
585 82.8
586 83.0
587 82.8
588 82.8
589 83.0
590 83.2
591 83.0
592 83.0
593 82.8
594 83.0
595 83.0
596 82.8
597 83.0
598 82.8
599 83.0
600 83.0
601 82.8
602 83.0
603 82.8
604 83.0
605 83.0
606 83.0
607 83.0
608 82.8
609 83.0
610 82.8
611 82.8
612 83.0
613 82.8
614 82.8
615 83.0
616 82.8
617 83.0
618 82.8
619 83.0
620 83.0
621 83.0
622 83.2
623 83.0
624 83.0
625 83.0
626 82.8
627 82.8
628 82.8
629 82.8
630 82.8
631 82.8
632 82.8
633 82.8
634 82.8
635 82.8
636 82.8
